0 22 22
1 43 65
2 44 109
3 62 171
4 43 214
5 48 262
6 95 357
7 46 403
8 52 455
9 51 506
10 62 568
11 60 628
12 75 703
13 66 769
14 55 824
15 49 873
16 57 930
17 59 989
18 78 1067
19 94 1161
20 60 1221
21 51 1272
22 55 1327
23 96 1423
24 117 1540
25 126 1666
26 126 1792
27 544 2336
28 350 2686
29 1230 3916
30 198 4114
31 624 4738
32 261 4999
33 994 5993
34 216 6209
35 1035 7244
36 181 7425
37 854 8279
38 116 8395
39 144 8539
40 194 8733
41 1911 10644
42 176 10820
43 188 11008
44 1032 12040
45 175 12215
46 196 12411
47 1512 13923
48 191 14114
49 222 14336
50 1572 15908
51 220 16128
52 273 16401
53 2106 18507
54 250 18757
55 349 19106
56 2579 21685
57 337 22022
58 416 22438
59 3218 25656
60 406 26062
61 522 26584
62 3728 30312
63 551 30863
64 674 31537
65 4608 36145
66 750 36895
67 762 37657
68 5633 43290
69 923 44213
70 1067 45280
71 6437 51717
72 1366 53083
73 1320 54403
74 7143 61546
75 2342 63888
76 1665 65553
77 8264 73817
78 3612 77429
79 2051 79480
80 9249 88729
81 5007 93736
82 2582 96318
83 11165 107483
84 6495 113978
85 3174 117152
86 13639 130791
87 7968 138759
88 3886 142645
89 16964 159609
90 10486 170095
91 4723 174818
92 20793 195611
93 14070 209681
94 5873 215554
95 24704 240258
96 19479 259737
97 7061 266798
98 28808 295606
99 27243 322849
100 8334 331183
101 34844 366027
102 35608 401635
103 9934 411569
104 43779 455348
105 45416 500764
106 12000 512764
107 55799 568563
108 55244 623807
109 14447 638254
110 70883 709137
111 67188 776325
112 17038 793363
113 89709 883072
114 79148 962220
115 20778 982998
116 114003 1097001
117 91548 1188549
118 24848 1213397
119 143490 1356887
120 102001 1458888
121 29177 1488065
122 178132 1666197
123 108728 1774925
124 34269 1809194
125 218991 2028185
126 114125 2142310
127 40204 2182514
128 260627 2443141
129 118654 2561795
130 46047 2607842
131 304758 2912600
132 121654 3034254
133 52954 3087208
134 350692 3437900
135 122513 3560413
136 59363 3619776
137 394159 4013935
138 122431 4136366
139 65531 4201897
140 436499 4638396
141 121833 4760229
142 72495 4832724
143 470456 5303180
144 124716 5427896
145 77765 5505661
146 497791 6003452
147 129488 6132940
148 80401 6213341
149 518147 6731488
150 136314 6867802
151 81559 6949361
152 531911 7481272
153 143381 7624653
154 81365 7706018
155 539093 8245111
156 149127 8394238
157 81577 8475815
158 538891 9014706
159 155144 9169850
160 81887 9251737
161 534500 9786237
162 159667 9945904
163 81574 10027478
164 523739 10551217
165 162001 10713218
166 80758 10793976
167 508128 11302104
168 162350 11464454
169 80197 11544651
170 487767 12032418
171 163673 12196091
172 79326 12275417
173 462546 12737963
174 166195 12904158
175 78130 12982288
176 430375 13412663
177 168577 13581240
178 76466 13657706
179 397803 14055509
180 171500 14227009
181 74955 14301964
182 362296 14664260
183 175552 14839812
184 72008 14911820
185 326771 15238591
186 176820 15415411
187 69342 15484753
188 293324 15778077
189 177832 15955909
190 65854 16021763
191 262985 16284748
192 175503 16460251
193 62480 16522731
194 235928 16758659
195 170962 16929621
196 58245 16987866
197 210558 17198424
198 165301 17363725
199 53325 17417050
200 187588 17604638
201 158325 17762963
202 48051 17811014
203 167149 17978163
204 149967 18128130
205 43106 18171236
206 147879 18319115
207 141888 18461003
208 38374 18499377
209 131131 18630508
210 132274 18762782
211 33712 18796494
212 115508 18912002
213 123911 19035913
214 30217 19066130
215 101392 19167522
216 114200 19281722
217 26595 19308317
218 88707 19397024
219 104990 19502014
220 23390 19525404
221 77463 19602867
222 95014 19697881
223 20669 19718550
224 67090 19785640
225 86845 19872485
226 18279 19890764
227 58928 19949692
228 79676 20029368
229 16205 20045573
230 51927 20097500
231 71461 20168961
232 14448 20183409
233 44986 20228395
234 64373 20292768
235 12591 20305359
236 39069 20344428
237 57067 20401495
238 11227 20412722
239 34246 20446968
240 50782 20497750
241 10020 20507770
242 29687 20537457
243 45003 20582460
244 8878 20591338
245 25926 20617264
246 39656 20656920
247 7739 20664659
248 22440 20687099
249 34627 20721726
250 6899 20728625
251 19730 20748355
252 30114 20778469
253 5873 20784342
254 16906 20801248
255 26689 20827937
256 5342 20833279
257 14825 20848104
258 23440 20871544
259 4662 20876206
260 12757 20888963
261 20377 20909340
262 4053 20913393
263 10877 20924270
264 17620 20941890
265 3501 20945391
266 9509 20954900
267 15088 20969988
268 3180 20973168
269 8191 20981359
270 13380 20994739
271 2691 20997430
272 6880 21004310
273 11772 21016082
274 2344 21018426
275 5951 21024377
276 10250 21034627
277 1947 21036574
278 5128 21041702
279 8842 21050544
280 1728 21052272
281 4425 21056697
282 7674 21064371
283 1489 21065860
284 3826 21069686
285 6609 21076295
286 1308 21077603
287 3235 21080838
288 5745 21086583
289 1214 21087797
290 2701 21090498
291 5092 21095590
292 1051 21096641
293 2509 21099150
294 4529 21103679
295 927 21104606
296 2071 21106677
297 3833 21110510
298 760 21111270
299 1702 21112972
300 3255 21116227
301 691 21116918
302 1576 21118494
303 2928 21121422
304 563 21121985
305 1297 21123282
306 2619 21125901
307 467 21126368
308 1201 21127569
309 2187 21129756
310 451 21130207
311 1037 21131244
312 1868 21133112
313 385 21133497
314 944 21134441
315 1690 21136131
316 322 21136453
317 823 21137276
318 1462 21138738
319 280 21139018
320 675 21139693
321 1271 21140964
322 253 21141217
323 600 21141817
324 1156 21142973
325 232 21143205
326 531 21143736
327 1003 21144739
328 179 21144918
329 438 21145356
330 843 21146199
331 156 21146355
332 407 21146762
333 768 21147530
334 159 21147689
335 352 21148041
336 675 21148716
337 126 21148842
338 295 21149137
339 633 21149770
340 121 21149891
341 288 21150179
342 525 21150704
343 84 21150788
344 210 21150998
345 536 21151534
346 98 21151632
347 215 21151847
348 394 21152241
349 88 21152329
350 215 21152544
351 389 21152933
352 75 21153008
353 172 21153180
354 327 21153507
355 56 21153563
356 156 21153719
357 271 21153990
358 70 21154060
359 152 21154212
360 261 21154473
361 54 21154527
362 128 21154655
363 227 21154882
364 51 21154933
365 102 21155035
366 210 21155245
367 50 21155295
368 102 21155397
369 166 21155563
370 39 21155602
371 94 21155696
372 183 21155879
373 50 21155929
374 76 21156005
375 136 21156141
376 28 21156169
377 68 21156237
378 136 21156373
379 36 21156409
380 64 21156473
381 121 21156594
382 40 21156634
383 59 21156693
384 92 21156785
385 23 21156808
386 50 21156858
387 92 21156950
388 41 21156991
389 45 21157036
390 85 21157121
391 39 21157160
392 48 21157208
393 88 21157296
394 32 21157328
395 39 21157367
396 83 21157450
397 29 21157479
398 33 21157512
399 71 21157583
400 35 21157618
401 33 21157651
402 69 21157720
403 20 21157740
404 27 21157767
405 59 21157826
406 25 21157851
407 34 21157885
408 70 21157955
409 27 21157982
410 37 21158019
411 54 21158073
412 26 21158099
413 34 21158133
414 71 21158204
415 30 21158234
416 29 21158263
417 58 21158321
418 26 21158347
419 33 21158380
420 51 21158431
421 30 21158461
422 24 21158485
423 46 21158531
424 24 21158555
425 14 21158569
426 48 21158617
427 27 21158644
428 26 21158670
429 39 21158709
430 27 21158736
431 30 21158766
432 40 21158806
433 24 21158830
434 18 21158848
435 46 21158894
436 24 21158918
437 20 21158938
438 40 21158978
439 20 21158998
440 23 21159021
441 40 21159061
442 18 21159079
443 16 21159095
444 35 21159130
445 17 21159147
446 16 21159163
447 32 21159195
448 14 21159209
449 15 21159224
450 28 21159252
451 14 21159266
452 13 21159279
453 28 21159307
454 25 21159332
455 23 21159355
456 18 21159373
457 18 21159391
458 20 21159411
459 28 21159439
460 9 21159448
461 22 21159470
462 32 21159502
463 20 21159522
464 15 21159537
465 36 21159573
466 15 21159588
467 21 21159609
468 20 21159629
469 18 21159647
470 10 21159657
471 26 21159683
472 8 21159691
473 19 21159710
474 17 21159727
475 12 21159739
476 13 21159752
477 18 21159770
478 16 21159786
479 17 21159803
480 15 21159818
481 14 21159832
482 24 21159856
483 16 21159872
484 10 21159882
485 13 21159895
486 22 21159917
487 15 21159932
488 17 21159949
489 17 21159966
490 16 21159982
491 23 21160005
492 17 21160022
493 11 21160033
494 9 21160042
495 23 21160065
496 19 21160084
497 7 21160091
498 18 21160109
499 24 21160133
500 14 21160147
501 13 21160160
502 7 21160167
503 8 21160175
504 17 21160192
505 16 21160208
506 7 21160215
507 10 21160225
508 23 21160248
509 10 21160258
510 14 21160272
511 11 21160283
512 13 21160296
513 11 21160307
514 19 21160326
515 10 21160336
516 11 21160347
517 15 21160362
518 14 21160376
519 10 21160386
520 15 21160401
521 15 21160416
522 16 21160432
523 10 21160442
524 14 21160456
525 14 21160470
526 15 21160485
527 10 21160495
528 13 21160508
529 15 21160523
530 7 21160530
531 16 21160546
532 12 21160558
533 13 21160571
534 17 21160588
535 16 21160604
536 10 21160614
537 16 21160630
538 9 21160639
539 10 21160649
540 16 21160665
541 14 21160679
542 11 21160690
543 14 21160704
544 15 21160719
545 12 21160731
546 17 21160748
547 10 21160758
548 12 21160770
549 19 21160789
550 10 21160799
551 11 21160810
552 16 21160826
553 14 21160840
554 15 21160855
555 12 21160867
556 16 21160883
557 20 21160903
558 18 21160921
559 6 21160927
560 12 21160939
561 20 21160959
562 16 21160975
563 7 21160982
564 10 21160992
565 9 21161001
566 13 21161014
567 14 21161028
568 10 21161038
569 11 21161049
570 10 21161059
571 12 21161071
572 9 21161080
573 11 21161091
574 7 21161098
575 12 21161110
576 9 21161119
577 13 21161132
578 11 21161143
579 10 21161153
580 13 21161166
581 10 21161176
582 15 21161191
583 15 21161206
584 6 21161212
585 12 21161224
586 8 21161232
587 5 21161237
588 14 21161251
589 12 21161263
590 10 21161273
591 6 21161279
592 15 21161294
593 11 21161305
594 7 21161312
595 11 21161323
596 3 21161326
597 10 21161336
598 13 21161349
599 9 21161358
600 7 21161365
601 10 21161375
602 6 21161381
603 16 21161397
604 6 21161403
605 3 21161406
606 4 21161410
607 8 21161418
608 8 21161426
609 7 21161433
610 6 21161439
611 11 21161450
612 6 21161456
613 9 21161465
614 6 21161471
615 10 21161481
616 8 21161489
617 10 21161499
618 11 21161510
619 11 21161521
620 5 21161526
621 13 21161539
622 14 21161553
623 7 21161560
624 6 21161566
625 5 21161571
626 6 21161577
627 7 21161584
628 6 21161590
629 5 21161595
630 6 21161601
631 5 21161606
632 3 21161609
633 10 21161619
634 9 21161628
635 8 21161636
636 8 21161644
637 9 21161653
638 9 21161662
639 5 21161667
640 8 21161675
641 6 21161681
642 4 21161685
643 7 21161692
644 6 21161698
645 7 21161705
646 5 21161710
648 2 21161712
649 6 21161718
650 9 21161727
651 3 21161730
652 1 21161731
653 6 21161737
654 7 21161744
655 1 21161745
656 4 21161749
657 8 21161757
658 4 21161761
659 6 21161767
660 5 21161772
661 3 21161775
662 2 21161777
663 5 21161782
664 8 21161790
665 5 21161795
666 4 21161799
667 7 21161806
668 3 21161809
669 3 21161812
670 2 21161814
671 4 21161818
672 9 21161827
673 8 21161835
674 3 21161838
675 5 21161843
676 9 21161852
677 4 21161856
678 5 21161861
679 4 21161865
680 3 21161868
681 2 21161870
682 5 21161875
683 4 21161879
684 4 21161883
685 2 21161885
686 5 21161890
687 6 21161896
688 6 21161902
689 2 21161904
690 1 21161905
691 4 21161909
692 1 21161910
693 1 21161911
694 5 21161916
695 4 21161920
696 4 21161924
697 7 21161931
698 3 21161934
699 1 21161935
700 4 21161939
701 2 21161941
702 4 21161945
703 5 21161950
704 2 21161952
705 4 21161956
706 4 21161960
707 2 21161962
709 2 21161964
710 4 21161968
711 3 21161971
712 3 21161974
713 3 21161977
714 4 21161981
715 5 21161986
716 5 21161991
717 3 21161994
718 4 21161998
719 2 21162000
720 3 21162003
721 3 21162006
722 10 21162016
723 4 21162020
724 3 21162023
725 6 21162029
726 3 21162032
727 6 21162038
728 3 21162041
729 4 21162045
730 3 21162048
731 5 21162053
732 2 21162055
733 6 21162061
734 3 21162064
735 4 21162068
736 5 21162073
737 4 21162077
738 3 21162080
739 11 21162091
740 5 21162096
741 3 21162099
743 4 21162103
744 4 21162107
745 3 21162110
746 6 21162116
747 4 21162120
748 3 21162123
749 2 21162125
750 6 21162131
751 8 21162139
752 2 21162141
753 5 21162146
754 6 21162152
755 2 21162154
756 3 21162157
757 2 21162159
758 1 21162160
759 2 21162162
760 2 21162164
761 7 21162171
762 7 21162178
763 3 21162181
764 4 21162185
765 4 21162189
766 5 21162194
767 7 21162201
768 7 21162208
769 3 21162211
770 1 21162212
771 5 21162217
772 8 21162225
773 1 21162226
774 4 21162230
775 4 21162234
776 7 21162241
777 2 21162243
778 3 21162246
779 1 21162247
780 2 21162249
781 4 21162253
782 1 21162254
783 3 21162257
784 3 21162260
785 2 21162262
786 1 21162263
787 2 21162265
788 2 21162267
789 4 21162271
790 2 21162273
791 3 21162276
792 2 21162278
793 7 21162285
794 4 21162289
795 2 21162291
796 2 21162293
797 3 21162296
798 4 21162300
799 4 21162304
800 2 21162306
801 1 21162307
802 3 21162310
803 3 21162313
804 1 21162314
805 1 21162315
806 1 21162316
807 1 21162317
809 1 21162318
810 3 21162321
811 6 21162327
812 2 21162329
813 2 21162331
814 4 21162335
815 1 21162336
816 3 21162339
817 3 21162342
818 1 21162343
819 1 21162344
820 1 21162345
821 2 21162347
822 4 21162351
823 6 21162357
825 3 21162360
826 4 21162364
827 1 21162365
828 4 21162369
829 3 21162372
830 1 21162373
831 1 21162374
832 1 21162375
833 1 21162376
834 1 21162377
835 3 21162380
836 1 21162381
837 1 21162382
838 3 21162385
840 1 21162386
841 3 21162389
842 2 21162391
843 2 21162393
847 3 21162396
848 1 21162397
849 1 21162398
850 3 21162401
851 2 21162403
852 2 21162405
853 1 21162406
854 3 21162409
856 3 21162412
857 2 21162414
859 2 21162416
860 1 21162417
861 1 21162418
863 6 21162424
864 1 21162425
865 5 21162430
866 1 21162431
869 2 21162433
870 1 21162434
871 1 21162435
872 1 21162436
873 2 21162438
878 2 21162440
879 5 21162445
880 2 21162447
881 1 21162448
886 2 21162450
889 1 21162451
890 3 21162454
891 4 21162458
892 2 21162460
893 1 21162461
894 2 21162463
895 2 21162465
899 1 21162466
900 1 21162467
901 2 21162469
903 1 21162470
906 2 21162472
907 2 21162474
910 2 21162476
911 5 21162481
912 2 21162483
913 3 21162486
914 1 21162487
915 1 21162488
918 1 21162489
919 2 21162491
920 1 21162492
924 2 21162494
926 1 21162495
927 1 21162496
928 2 21162498
929 2 21162500
930 1 21162501
933 1 21162502
935 1 21162503
936 1 21162504
938 1 21162505
939 1 21162506
942 2 21162508
943 2 21162510
955 3 21162513
958 2 21162515
963 1 21162516
970 1 21162517
974 1 21162518
978 1 21162519
982 1 21162520
989 2 21162522
997 1 21162523
998 1 21162524
999 1 21162525
1001 1 21162526
1002 1 21162527
1005 2 21162529
1010 1 21162530
1016 1 21162531
1018 1 21162532
1023 1 21162533
1025 1 21162534
1028 1 21162535
1037 1 21162536
1041 1 21162537
1047 1 21162538
1050 1 21162539
1064 1 21162540
1066 1 21162541
1074 1 21162542
1078 1 21162543
1083 1 21162544
1085 1 21162545
1086 1 21162546
1087 1 21162547
1107 1 21162548
1124 1 21162549
1125 1 21162550
1134 1 21162551
1140 1 21162552
1142 1 21162553
1144 1 21162554
1145 1 21162555
1151 1 21162556
1161 1 21162557
1170 1 21162558
1182 1 21162559
1188 1 21162560
1230 1 21162561
1276 1 21162562
1300 1 21162563
1333 1 21162564
1335 1 21162565
1344 1 21162566
1347 1 21162567
1361 1 21162568
1371 1 21162569
1393 1 21162570
1403 1 21162571
1451 1 21162572
1544 1 21162573
1570 1 21162574
1597 1 21162575
1632 1 21162576
1655 1 21162577
1675 1 21162578
1728 1 21162579
1891 1 21162580
